eval_loss = 0.2350863502745876
eval_precision = 0.6845329249617151
eval_recall = 0.534688995215311
eval_f1 = 0.6004029550033578
epoch = 3.0
