eval_loss = 0.24176392596816337
eval_precision = 0.6521739130434783
eval_recall = 0.48444976076555024
eval_f1 = 0.5559368565545642
epoch = 3.0
